Id,SalePrice
1461,124857.9
1462,155561.53
1463,180968.28
1464,185370.94
1465,191281.44
1466,179312.05
1467,175880.67
1468,169601.89
1469,177902.95
1470,119589.375
1471,199298.72
1472,93822.24
1473,99076.13
1474,154455.83
1475,127465.97
1476,384608.2
1477,259631.95
1478,295391.3
1479,252514.08
1480,514005.62
1481,311646.25
1482,207848.05
1483,169470.75
1484,165721.38
1485,176594.47
1486,194910.16
1487,323927.2
1488,235298.06
1489,205171.03
1490,214540.9
1491,186921.84
1492,96594.05
1493,189414.38
1494,296925.2
1495,288668.94
1496,223934.45
1497,182779.06
1498,157614.47
1499,159496.39
1500,155913.11
1501,174876.98
1502,152302.6
1503,309114.38
1504,236141.44
1505,219979.7
1506,182688.12
1507,245360.69
1508,188783.97
1509,157787.64
1510,144411.27
1511,139625.97
1512,171385.48
1513,144433.61
1514,171141.53
1515,212630.67
1516,169078.66
1517,157411.2
1518,125730.16
1519,228175.8
1520,133202.92
1521,135021.05
1522,173507.77
1523,110203.79
1524,124669.92
1525,126601.375
1526,129336.734
1527,100054.92
1528,135900.92
1529,144830.84
1530,174702.81
1531,113596.48
1532,107064.96
1533,144833.03
1534,116391.81
1535,158398.92
1536,118678.516
1537,74631.46
1538,176135.3
1539,191420.81
1540,99316.29
1541,146854.12
1542,140705.03
1543,229691.25
1544,87341.14
1545,108592.26
1546,127958.65
1547,138746.4
1548,131456.44
1549,112678.89
1550,138789.64
1551,112912.57
1552,128528.22
1553,140542.44
1554,106229.71
1555,173436.08
1556,87740.195
1557,100827.27
1558,95905.11
1559,103002.805
1560,147785.55
1561,136551.44
1562,128459.72
1563,121162.51
1564,147203.73
1565,149504.2
1566,242635.27
1567,76686.2
1568,218934.62
1569,132485.81
1570,131768.11
1571,130209.75
1572,146558.55
1573,251395.02
1574,102439.84
1575,212910.94
1576,224519.33
1577,197381.66
1578,154261.52
1579,144942.17
1580,193183.89
1581,143589.44
1582,127100.98
1583,340470.4
1584,235104.16
1585,141698.27
1586,78109.05
1587,100915.67
1588,140421.62
1589,103889.22
1590,133155.44
1591,97776.6
1592,128810.24
1593,130827.09
1594,135007.16
1595,112039.586
1596,241553.97
1597,182924.08
1598,202659.12
1599,180894.1
1600,174707.6
1601,63274.996
1602,109493.25
1603,93287.52
1604,272263.84
1605,254254.5
1606,170294.77
1607,158162.23
1608,223079.67
1609,193934.69
1610,153972.08
1611,140024.78
1612,162651.9
1613,167013.58
1614,120367.164
1615,85287.27
1616,68168.17
1617,89555.95
1618,126432.25
1619,141018.67
1620,167980.27
1621,142314.06
1622,136796.61
1623,286596.12
1624,204854.97
1625,130820.92
1626,171088.05
1627,187891.44
1628,277448.1
1629,178286.98
1630,371318.4
1631,228554.81
1632,250041.03
1633,165822.25
1634,182314.89
1635,182784.52
1636,156623.22
1637,187342.61
1638,211954.27
1639,181498.9
1640,268012.0
1641,176732.45
1642,220507.73
1643,224143.7
1644,225426.38
1645,197070.44
1646,152062.92
1647,157902.1
1648,129829.56
1649,138426.08
1650,122656.04
1651,125117.24
1652,95869.664
1653,95097.76
1654,152310.38
1655,145052.02
1656,149343.45
1657,153777.36
1658,147939.66
1659,134434.08
1660,150707.72
1661,497965.56
1662,397106.62
1663,395231.0
1664,405382.4
1665,316125.78
1666,326345.7
1667,365607.06
1668,334625.47
1669,295556.38
1670,344902.7
1671,270457.47
1672,530468.06
1673,311547.56
1674,259055.88
1675,182791.77
1676,189267.05
1677,221735.02
1678,490257.03
1679,395719.78
1680,329861.6
1681,269924.72
1682,297271.6
1683,179837.94
1684,170382.16
1685,170281.48
1686,172484.7
1687,162615.75
1688,184528.86
1689,187343.44
1690,187709.8
1691,175055.28
1692,266439.2
1693,166345.55
1694,183289.17
1695,167493.42
1696,281170.7
1697,174449.34
1698,389071.12
1699,322581.22
1700,243043.12
1701,257678.77
1702,264310.5
1703,264471.88
1704,313008.9
1705,227705.12
1706,469656.78
1707,217007.81
1708,214133.86
1709,289739.1
1710,220994.02
1711,255499.83
1712,254827.75
1713,274969.47
1714,220728.27
1715,204207.73
1716,191057.69
1717,172928.86
1718,134133.42
1719,198865.16
1720,248206.7
1721,174422.27
1722,123319.375
1723,157710.36
1724,216356.48
1725,232543.4
1726,184285.83
1727,159552.55
1728,184739.86
1729,163446.84
1730,170833.4
1731,119187.84
1732,130131.3
1733,120965.086
1734,130890.875
1735,133248.66
1736,117428.66
1737,347238.4
1738,210006.73
1739,284966.7
1740,217387.97
1741,186272.45
1742,172836.36
1743,173340.48
1744,297038.12
1745,208585.22
1746,219502.97
1747,217109.34
1748,228938.5
1749,149478.66
1750,138009.8
1751,236784.34
1752,121282.87
1753,146220.47
1754,210943.08
1755,163411.53
1756,128161.3
1757,123071.445
1758,140918.44
1759,174858.44
1760,161146.6
1761,151144.3
1762,175370.33
1763,165734.1
1764,113780.92
1765,173855.48
1766,177401.28
1767,221469.78
1768,141966.0
1769,176469.67
1770,145378.83
1771,132787.03
1772,133859.03
1773,129092.33
1774,131026.445
1775,132875.94
1776,121692.875
1777,112572.5
1778,132937.64
1779,112654.27
1780,179790.14
1781,131087.8
1782,91717.68
1783,138347.75
1784,95064.95
1785,116821.33
1786,146499.28
1787,166742.56
1788,57345.598
1789,104512.24
1790,75124.18
1791,193040.97
1792,154657.9
1793,131619.55
1794,146331.62
1795,135814.97
1796,122906.26
1797,135920.72
1798,121509.86
1799,109510.27
1800,121656.484
1801,132959.52
1802,156338.44
1803,146208.23
1804,137279.28
1805,135537.52
1806,112104.8
1807,129353.36
1808,121225.26
1809,117101.24
1810,147852.84
1811,104404.62
1812,103346.96
1813,120288.65
1814,89807.36
1815,50937.996
1816,95308.945
1817,108812.984
1818,140142.5
1819,112524.375
1820,61843.33
1821,109642.96
1822,146299.6
1823,44809.3
1824,138460.17
1825,138143.12
1826,94149.3
1827,106812.05
1828,138721.83
1829,112512.33
1830,138144.34
1831,152038.3
1832,96933.9
1833,137717.4
1834,118228.375
1835,149115.22
1836,126056.34
1837,98549.02
1838,122447.49
1839,85406.664
1840,157485.9
1841,144309.58
1842,81284.164
1843,142809.2
1844,130184.51
1845,137927.19
1846,153647.4
1847,153962.5
1848,50791.074
1849,108777.16
1850,119848.92
1851,148941.34
1852,129423.74
1853,129909.42
1854,166121.3
1855,146613.61
1856,218557.92
1857,178719.67
1858,135682.81
1859,119912.35
1860,148547.31
1861,119738.34
1862,297536.97
1863,294501.97
1864,294501.97
1865,321925.53
1866,332672.34
1867,250863.58
1868,305539.16
1869,203070.06
1870,251838.16
1871,237248.06
1872,169310.92
1873,231648.27
1874,139692.27
1875,216321.53
1876,196792.44
1877,213417.39
1878,210451.16
1879,128044.18
1880,133365.67
1881,241021.86
1882,256166.22
1883,197388.03
1884,207951.83
1885,260191.73
1886,291907.97
1887,209337.84
1888,287259.28
1889,165466.95
1890,129180.875
1891,141189.69
1892,105278.71
1893,129196.17
1894,123524.0
1895,141042.7
1896,122980.58
1897,112527.46
1898,112889.266
1899,154181.2
1900,146931.61
1901,174893.8
1902,137689.88
1903,223274.8
1904,145445.19
1905,194991.47
1906,182725.84
1907,211657.03
1908,113195.22
1909,136854.88
1910,122541.53
1911,206450.98
1912,296321.06
1913,137221.56
1914,70281.7
1915,306405.8
1916,62913.992
1917,269748.1
1918,138570.14
1919,167173.5
1920,169239.84
1921,426432.53
1922,320320.25
1923,212536.34
1924,222995.89
1925,219106.95
1926,388861.28
1927,135461.78
1928,157749.98
1929,125321.11
1930,133665.28
1931,144626.81
1932,142552.19
1933,170264.38
1934,181349.06
1935,176938.62
1936,181614.55
1937,182702.28
1938,172557.53
1939,244361.52
1940,187925.48
1941,173585.5
1942,188055.39
1943,201145.1
1944,316230.62
1945,377226.84
1946,151629.23
1947,335436.0
1948,181833.2
1949,229141.98
1950,178191.42
1951,258080.83
1952,210525.28
1953,161900.22
1954,201176.16
1955,135624.11
1956,294375.88
1957,160636.8
1958,324048.84
1959,133167.17
1960,114609.55
1961,118342.96
1962,95940.22
1963,103805.414
1964,109109.336
1965,149159.83
1966,144973.42
1967,294105.25
1968,453966.06
1969,411573.62
1970,469182.28
1971,475525.97
1972,390443.72
1973,267142.97
1974,316254.03
1975,418506.8
1976,279144.44
1977,356260.97
1978,370505.84
1979,339557.03
1980,199108.31
1981,331753.28
1982,240942.55
1983,213060.6
1984,169718.14
1985,216072.27
1986,214345.81
1987,173431.3
1988,174316.02
1989,192918.17
1990,222395.34
1991,247867.67
1992,213054.66
1993,169105.45
1994,248985.31
1995,188154.83
1996,245124.19
1997,315478.97
1998,343487.7
1999,252140.6
2000,303320.7
2001,263413.53
2002,242913.08
2003,256054.17
2004,268369.97
2005,223653.28
2006,233487.89
2007,254432.81
2008,214190.86
2009,185687.42
2010,196749.94
2011,140842.28
2012,175174.86
2013,180242.81
2014,180777.4
2015,196333.78
2016,189683.02
2017,200756.66
2018,119837.8
2019,137265.61
2020,120224.22
2021,113920.664
2022,195163.58
2023,136331.05
2024,248824.62
2025,390063.28
2026,176570.66
2027,156185.16
2028,155364.77
2029,170526.64
2030,278646.25
2031,248626.56
2032,266889.9
2033,273993.53
2034,160307.02
2035,217375.27
2036,187712.44
2037,194822.67
2038,295498.12
2039,211857.05
2040,345421.34
2041,279634.66
2042,202601.89
2043,168869.89
2044,180635.25
2045,208878.28
2046,139740.67
2047,150700.55
2048,136925.5
2049,134015.23
2050,178067.67
2051,107247.95
2052,132908.39
2053,145827.16
2054,80829.69
2055,152993.81
2056,132808.3
2057,121196.48
2058,227154.12
2059,125390.664
2060,173709.62
2061,183889.05
2062,132392.78
2063,110700.82
2064,144563.25
2065,127801.98
2066,168151.33
2067,116680.7
2068,126241.39
2069,93281.64
2070,110173.016
2071,92988.26
2072,127318.84
2073,140758.66
2074,185866.58
2075,148791.9
2076,126787.02
2077,145462.33
2078,126585.73
2079,138729.39
2080,118315.625
2081,121487.6
2082,128275.516
2083,140716.19
2084,112892.734
2085,121897.54
2086,151399.31
2087,125064.65
2088,103207.53
2089,72834.5
2090,125942.9
2091,120754.14
2092,130976.02
2093,131033.6
2094,119426.28
2095,152707.81
2096,84916.41
2097,86995.92
2098,148704.31
2099,60115.086
2100,93097.016
2101,129473.164
2102,131597.73
2103,102589.055
2104,119095.1
2105,120201.06
2106,68545.81
2107,220300.12
2108,118998.234
2109,113251.67
2110,131215.38
2111,155542.19
2112,141581.28
2113,120023.75
2114,114656.49
2115,154308.5
2116,120032.14
2117,150490.03
2118,116987.39
2119,103154.484
2120,110116.91
2121,83592.23
2122,95199.05
2123,100321.22
2124,169077.8
2125,122538.75
2126,154774.88
2127,137700.66
2128,122114.43
2129,102385.61
2130,140313.2
2131,153766.94
2132,119005.77
2133,121177.29
2134,119583.93
2135,100265.81
2136,67143.93
2137,121967.44
2138,138103.23
2139,152799.72
2140,138869.2
2141,143677.53
2142,126232.14
2143,138928.55
2144,109691.85
2145,138682.72
2146,163684.1
2147,160618.05
2148,131193.55
2149,139597.58
2150,228541.94
2151,112702.31
2152,177108.73
2153,173464.31
2154,112526.16
2155,135859.98
2156,255725.77
2157,230588.38
2158,235813.84
2159,201384.9
2160,165824.9
2161,249207.25
2162,424059.22
2163,336761.2
2164,247630.95
2165,182863.88
2166,147376.52
2167,224155.12
2168,204125.53
2169,193095.52
2170,220225.33
2171,146503.84
2172,141984.27
2173,165786.05
2174,229976.28
2175,302196.78
2176,310461.06
2177,243797.6
2178,215862.27
2179,141171.78
2180,230228.3
2181,189373.98
2182,219325.06
2183,193019.12
2184,135703.23
2185,120369.164
2186,145096.44
2187,148253.94
2188,155191.02
2189,205871.44
2190,87329.94
2191,89059.11
2192,98594.64
2193,93328.06
2194,105503.664
2195,108803.875
2196,103910.09
2197,116793.516
2198,155821.84
2199,178346.14
2200,142775.12
2201,143700.11
2202,202767.8
2203,155899.33
2204,193292.42
2205,114308.664
2206,153107.58
2207,213871.44
2208,260776.48
2209,216200.95
2210,120216.83
2211,115740.195
2212,109556.69
2213,99809.88
2214,130396.24
2215,99887.72
2216,139968.4
2217,76531.21
2218,90747.73
2219,81537.62
2220,71909.305
2221,309463.1
2222,237708.73
2223,284085.7
2224,216540.27
2225,126427.28
2226,209818.53
2227,194541.0
2228,274002.94
2229,243232.9
2230,153267.14
2231,216096.25
2232,183099.58
2233,171279.03
2234,249145.62
2235,219402.05
2236,286878.25
2237,360387.66
2238,207775.34
2239,125313.89
2240,160101.52
2241,154229.94
2242,128300.45
2243,129193.62
2244,101865.51
2245,95753.25
2246,144591.0
2247,107798.15
2248,126330.836
2249,126177.63
2250,135856.83
2251,111402.9
2252,178399.36
2253,156797.66
2254,176314.6
2255,193360.23
2256,184906.08
2257,208231.66
2258,169054.08
2259,176335.62
2260,166764.9
2261,181122.02
2262,202236.14
2263,336800.72
2264,409013.56
2265,177932.69
2266,295730.88
2267,376730.72
2268,391596.94
2269,160429.58
2270,184574.47
2271,222536.83
2272,195187.17
2273,165493.23
2274,175893.36
2275,169722.6
2276,173847.52
2277,190971.81
2278,154051.72
2279,120458.62
2280,124636.055
2281,170382.27
2282,182588.94
2283,99636.78
2284,105327.055
2285,144055.83
2286,126930.18
2287,339736.4
2288,272152.28
2289,411272.8
2290,453452.72
2291,308201.06
2292,446507.03
2293,494671.84
2294,411947.84
2295,455992.56
2296,282431.9
2297,299479.78
2298,302271.03
2299,430041.25
2300,328462.62
2301,266901.25
2302,244139.7
2303,251312.17
2304,237807.34
2305,181688.88
2306,181379.4
2307,187712.34
2308,221719.78
2309,280024.34
2310,210653.1
2311,197910.56
2312,178134.5
2313,174289.12
2314,179778.3
2315,172021.6
2316,202403.25
2317,182417.2
2318,175278.66
2319,174806.28
2320,192361.17
2321,245584.97
2322,173946.11
2323,178247.78
2324,168997.11
2325,202567.45
2326,163367.66
2327,211036.42
2328,227202.12
2329,183100.73
2330,174965.98
2331,368348.3
2332,419311.4
2333,325985.66
2334,253643.66
2335,254387.89
2336,339246.38
2337,208631.88
2338,297188.97
2339,229039.1
2340,399098.47
2341,220706.3
2342,237462.7
2343,220184.98
2344,237657.12
2345,238205.7
2346,217466.03
2347,198761.03
2348,236810.19
2349,171738.88
2350,275124.84
2351,240392.23
2352,250835.78
2353,259756.95
2354,131402.0
2355,149409.75
2356,151825.06
2357,196227.97
2358,193557.36
2359,129173.31
2360,116575.19
2361,143609.45
2362,274624.16
2363,133349.94
2364,167490.56
2365,225735.56
2366,187859.56
2367,223409.45
2368,205042.14
2369,216236.03
2370,171924.98
2371,167632.64
2372,196961.5
2373,278405.78
2374,304301.66
2375,258059.08
2376,283052.94
2377,361573.72
2378,145455.86
2379,206211.34
2380,144247.3
2381,158069.42
2382,195411.73
2383,203623.44
2384,238774.88
2385,160541.34
2386,135483.95
2387,134820.53
2388,106095.84
2389,129358.9
2390,143536.5
2391,136329.58
2392,119225.82
2393,165442.6
2394,139587.67
2395,216702.0
2396,138536.6
2397,224761.72
2398,130725.93
2399,57946.914
2400,55299.504
2401,119638.44
2402,139569.14
2403,127125.734
2404,148495.7
2405,158043.72
2406,139764.88
2407,127503.484
2408,136776.86
2409,125136.195
2410,169945.38
2411,123523.99
2412,149566.48
2413,131496.98
2414,138940.16
2415,126876.14
2416,129238.47
2417,126638.64
2418,127651.01
2419,120089.75
2420,125827.96
2421,152260.69
2422,121150.32
2423,130602.32
2424,159884.48
2425,231380.88
2426,140805.03
2427,130393.19
2428,176176.03
2429,123851.76
2430,130461.91
2431,110190.22
2432,138935.81
2433,145947.03
2434,138727.0
2435,144023.92
2436,106638.13
2437,108831.2
2438,123552.375
2439,109053.33
2440,120487.42
2441,108372.37
2442,99063.414
2443,116547.086
2444,131620.2
2445,84320.03
2446,130848.445
2447,189703.72
2448,139314.9
2449,101886.984
2450,149166.9
2451,126725.234
2452,201248.64
2453,92779.15
2454,126020.33
2455,127807.56
2456,134081.78
2457,125369.625
2458,117686.5
2459,106830.13
2460,139131.53
2461,113580.44
2462,135686.53
2463,113433.19
2464,163627.25
2465,140065.1
2466,111918.414
2467,146835.16
2468,80583.47
2469,73004.96
2470,182352.83
2471,199377.08
2472,173140.8
2473,117949.664
2474,89400.664
2475,238980.8
2476,119537.51
2477,127760.66
2478,162044.7
2479,107931.46
2480,139896.77
2481,112634.234
2482,130506.734
2483,114814.836
2484,120901.07
2485,130056.9
2486,151418.45
2487,191521.19
2488,153058.8
2489,152048.22
2490,155841.0
2491,99649.05
2492,184828.42
2493,150720.69
2494,165630.69
2495,94766.77
2496,246326.06
2497,145760.16
2498,117321.47
2499,100884.08
2500,126623.6
2501,134724.36
2502,150763.56
2503,98379.02
2504,194334.6
2505,221589.1
2506,262790.8
2507,295511.03
2508,263273.9
2509,216056.94
2510,228288.97
2511,181051.14
2512,210392.22
2513,221201.2
2514,251216.9
2515,149522.34
2516,166852.52
2517,138926.0
2518,150195.27
2519,215204.83
2520,213716.38
2521,188418.47
2522,222194.83
2523,128519.164
2524,131827.12
2525,144245.28
2526,133020.48
2527,106783.86
2528,130528.68
2529,130728.12
2530,119922.445
2531,250451.39
2532,226858.83
2533,199167.03
2534,228552.4
2535,313759.6
2536,239034.88
2537,232269.1
2538,180607.69
2539,188063.48
2540,173512.23
2541,179290.5
2542,159294.97
2543,129897.37
2544,124644.32
2545,135574.56
2546,136911.61
2547,138864.38
2548,144893.0
2549,160208.9
2550,199436.58
2551,141913.86
2552,124336.71
2553,75315.43
2554,115524.04
2555,114527.36
2556,102023.23
2557,117470.31
2558,160424.84
2559,131657.14
2560,142348.31
2561,139514.3
2562,141076.4
2563,154844.0
2564,192103.62
2565,139267.67
2566,161955.14
2567,133175.34
2568,203115.3
2569,214174.77
2570,119537.055
2571,176706.45
2572,167926.55
2573,226733.69
2574,279797.25
2575,125289.33
2576,131772.52
2577,150815.92
2578,94484.71
2579,58156.965
2580,149308.36
2581,124814.97
2582,119242.28
2583,266718.12
2584,160096.75
2585,186726.62
2586,214145.34
2587,209541.89
2588,149078.69
2589,146766.08
2590,218403.9
2591,218207.75
2592,209043.94
2593,246647.3
2594,177836.7
2595,199080.61
2596,344909.94
2597,189612.64
2598,265007.12
2599,295027.03
2600,180610.55
2601,140778.25
2602,79872.586
2603,93953.17
2604,83782.9
2605,72451.79
2606,140587.48
2607,182522.06
2608,215429.4
2609,164906.08
2610,113814.016
2611,137641.23
2612,151897.6
2613,130918.734
2614,129209.61
2615,152626.6
2616,142801.69
2617,183788.12
2618,203297.06
2619,194492.38
2620,186148.12
2621,182615.42
2622,185621.81
2623,248782.5
2624,287542.5
2625,311827.38
2626,174064.47
2627,174131.88
2628,433024.06
2629,545937.6
2630,346712.4
2631,459049.75
2632,434107.88
2633,318105.8
2634,391101.3
2635,152996.72
2636,184502.3
2637,165241.28
2638,260889.86
2639,187489.72
2640,151662.4
2641,104633.84
2642,197863.94
2643,105476.2
2644,127934.18
2645,100081.1
2646,94231.34
2647,99384.22
2648,142268.47
2649,141196.44
2650,143055.14
2651,143905.16
2652,428980.5
2653,251498.8
2654,248057.86
2655,363484.34
2656,303199.56
2657,334491.88
2658,275348.7
2659,297331.22
2660,326360.2
2661,326063.62
2662,329911.47
2663,286032.1
2664,273044.1
2665,324489.4
2666,289020.97
2667,167977.25
2668,179664.77
2669,171745.36
2670,286151.94
2671,180837.6
2672,187560.28
2673,208161.62
2674,200037.4
2675,160940.52
2676,183429.19
2677,202139.52
2678,263221.97
2679,281270.6
2680,280853.75
2681,421000.06
2682,349526.94
2683,533940.1
2684,312543.97
2685,345009.38
2686,256648.14
2687,329882.03
2688,221800.3
2689,206356.31
2690,501538.8
2691,185239.64
2692,129893.93
2693,190066.2
2694,129244.27
2695,189646.89
2696,182714.38
2697,188441.27
2698,197668.7
2699,172688.9
2700,159005.88
2701,158711.1
2702,113042.984
2703,132127.38
2704,148216.55
2705,125723.7
2706,119001.82
2707,130009.9
2708,134794.56
2709,117369.13
2710,129512.3
2711,274086.72
2712,369190.53
2713,165713.94
2714,153171.34
2715,170862.67
2716,149568.94
2717,182589.3
2718,230164.03
2719,158708.88
2720,174715.84
2721,135588.67
2722,153894.31
2723,153763.05
2724,128612.586
2725,135448.31
2726,145160.34
2727,178755.23
2728,164908.88
2729,153012.25
2730,144814.58
2731,124870.086
2732,119383.875
2733,168063.31
2734,149069.56
2735,131071.79
2736,144821.39
2737,124341.95
2738,130302.11
2739,160591.86
2740,135605.67
2741,140818.34
2742,153849.0
2743,145432.23
2744,152034.14
2745,140406.34
2746,136379.97
2747,152446.22
2748,124973.164
2749,130491.37
2750,138978.14
2751,139631.75
2752,212901.25
2753,157892.0
2754,253743.17
2755,132915.33
2756,88446.1
2757,66557.8
2758,75814.33
2759,162135.6
2760,129927.38
2761,144394.55
2762,142764.66
2763,201627.0
2764,155399.83
2765,269447.16
2766,140642.19
2767,86335.26
2768,125782.81
2769,124976.195
2770,153021.78
2771,121926.96
2772,120728.98
2773,146254.72
2774,133676.38
2775,126609.47
2776,141517.02
2777,145850.9
2778,114154.195
2779,116306.016
2780,106038.22
2781,98048.19
2782,87566.984
2783,99371.81
2784,124502.02
2785,128867.7
2786,61020.54
2787,120874.71
2788,68143.08
2789,191383.92
2790,91298.12
2791,114333.75
2792,61310.984
2793,177273.84
2794,92277.72
2795,118080.86
2796,101489.016
2797,196210.42
2798,115198.88
2799,117660.42
2800,66482.336
2801,105797.26
2802,137262.61
2803,155848.62
2804,141800.02
2805,103355.35
2806,78832.18
2807,163388.42
2808,149253.97
2809,134112.14
2810,135943.92
2811,157167.42
2812,149374.97
2813,146893.69
2814,146346.88
2815,107057.42
2816,256424.02
2817,153077.1
2818,128717.7
2819,162996.72
2820,133743.05
2821,110404.39
2822,204997.55
2823,276946.5
2824,176192.73
2825,160509.02
2826,126697.8
2827,136782.72
2828,223879.84
2829,196639.55
2830,230057.23
2831,186313.83
2832,247093.3
2833,278912.3
2834,205910.12
2835,207915.42
2836,192370.12
2837,170838.25
2838,142241.06
2839,175853.92
2840,205667.06
2841,205201.98
2842,226340.44
2843,145415.56
2844,158129.89
2845,122815.82
2846,211840.25
2847,199065.1
2848,219749.81
2849,206586.55
2850,287105.03
2851,244508.0
2852,235847.53
2853,233355.1
2854,141032.05
2855,204006.3
2856,204507.23
2857,186869.2
2858,202448.36
2859,132959.22
2860,124032.17
2861,125681.99
2862,192930.39
2863,124583.15
2864,247717.53
2865,142957.39
2866,139256.02
2867,90624.88
2868,109230.73
2869,118673.375
2870,145934.38
2871,95513.44
2872,48292.297
2873,105539.01
2874,139502.62
2875,121385.1
2876,163572.94
2877,132448.4
2878,184198.73
2879,142229.05
2880,104616.62
2881,158787.95
2882,171937.38
2883,190836.62
2884,196755.97
2885,197414.6
2886,220838.33
2887,110719.5
2888,125476.69
2889,51844.332
2890,75366.25
2891,129898.5
2892,57942.78
2893,107467.695
2894,55224.53
2895,301279.16
2896,273087.8
2897,201869.67
2898,146715.61
2899,219884.98
2900,160185.33
2901,216335.95
2902,190267.39
2903,346073.47
2904,355363.72
2905,97515.17
2906,206598.14
2907,111248.6
2908,131508.94
2909,137219.48
2910,80321.61
2911,79865.734
2912,143424.64
2913,87502.8
2914,74099.82
2915,79387.05
2916,85390.65
2917,183313.11
2918,117506.305
2919,232676.7
