Id,SalePrice
1461,115406.55
1462,146415.19
1463,179280.72
1464,193005.56
1465,249962.61
1466,181294.72
1467,194200.81
1468,170157.8
1469,185782.7
1470,119373.19
1471,168932.33
1472,99118.164
1473,93905.125
1474,142113.67
1475,92024.68
1476,332960.34
1477,279442.8
1478,313790.3
1479,301282.7
1480,417400.06
1481,327013.62
1482,240392.5
1483,168284.97
1484,160634.47
1485,183685.81
1486,193377.47
1487,325182.0
1488,247632.6
1489,196669.92
1490,249057.1
1491,191261.52
1492,88911.88
1493,208932.88
1494,329775.53
1495,309531.94
1496,215992.31
1497,173878.78
1498,165405.66
1499,175702.12
1500,174418.06
1501,211026.48
1502,152650.88
1503,265085.34
1504,255695.16
1505,241618.9
1506,180977.36
1507,227880.97
1508,188898.06
1509,137109.44
1510,152113.95
1511,139552.4
1512,188437.53
1513,147315.19
1514,167193.94
1515,204182.4
1516,158754.06
1517,156012.61
1518,124054.11
1519,222563.0
1520,124105.266
1521,114570.31
1522,192379.14
1523,87871.76
1524,99462.266
1525,99114.22
1526,70881.03
1527,105491.66
1528,144232.03
1529,123804.72
1530,215579.28
1531,156720.16
1532,97859.49
1533,146262.75
1534,115574.0
1535,147003.39
1536,97070.09
1537,69544.375
1538,161686.97
1539,196839.4
1540,96813.7
1541,133178.94
1542,144106.3
1543,181071.84
1544,92535.766
1545,121893.86
1546,146768.22
1547,156384.81
1548,131960.83
1549,128956.09
1550,144771.27
1551,117175.8
1552,138974.56
1553,140945.22
1554,114102.05
1555,177511.12
1556,93474.61
1557,77394.16
1558,91129.9
1559,78287.01
1560,129670.61
1561,132649.02
1562,126508.5
1563,112477.19
1564,149550.75
1565,151568.16
1566,219773.12
1567,73182.09
1568,230964.47
1569,135706.78
1570,139184.28
1571,113843.45
1572,136735.38
1573,204062.19
1574,121787.48
1575,230066.97
1576,243685.38
1577,183435.38
1578,150484.95
1579,136214.28
1580,200112.42
1581,159721.1
1582,135692.66
1583,279830.72
1584,224159.84
1585,136044.52
1586,66240.12
1587,90668.14
1588,134551.03
1589,100430.05
1590,119281.336
1591,67269.09
1592,138433.52
1593,136800.88
1594,145728.67
1595,120519.32
1596,236125.84
1597,212874.31
1598,208757.9
1599,151649.47
1600,150014.03
1601,48955.97
1602,122388.695
1603,68376.79
1604,243099.83
1605,230886.84
1606,164507.42
1607,170651.62
1608,215629.2
1609,178047.84
1610,160525.47
1611,147502.47
1612,160971.12
1613,170536.78
1614,138790.1
1615,80057.69
1616,62179.484
1617,83763.27
1618,110416.45
1619,145343.31
1620,195377.03
1621,131512.64
1622,138557.08
1623,239251.0
1624,213394.44
1625,100953.625
1626,192882.62
1627,189583.25
1628,249348.94
1629,177547.28
1630,332467.66
1631,261977.6
1632,272930.5
1633,174431.44
1634,191864.23
1635,187131.0
1636,158479.48
1637,215344.47
1638,197929.6
1639,176955.53
1640,225268.53
1641,173505.31
1642,238447.34
1643,233514.4
1644,233715.94
1645,231810.56
1646,165383.97
1647,147832.34
1648,124192.3
1649,131668.44
1650,122926.3
1651,119443.66
1652,104287.875
1653,105049.02
1654,142981.75
1655,137797.12
1656,137645.45
1657,150600.31
1658,140398.47
1659,109519.07
1660,156143.94
1661,408894.78
1662,351636.44
1663,348911.8
1664,417508.47
1665,312631.7
1666,336269.94
1667,350629.0
1668,332543.44
1669,311993.5
1670,333594.8
1671,315609.44
1672,395582.56
1673,328249.06
1674,294159.06
1675,234687.64
1676,244042.75
1677,256641.56
1678,404182.53
1679,351246.34
1680,297441.12
1681,264945.0
1682,327453.06
1683,229690.88
1684,184831.14
1685,173300.08
1686,160313.5
1687,164646.47
1688,193899.53
1689,192375.12
1690,202821.97
1691,194834.05
1692,240628.47
1693,162076.78
1694,190146.34
1695,167909.19
1696,255775.75
1697,169101.3
1698,351784.06
1699,337591.75
1700,294406.56
1701,309870.75
1702,250229.8
1703,256097.42
1704,280279.6
1705,238108.38
1706,340491.4
1707,208184.62
1708,216551.95
1709,263709.3
1710,232547.5
1711,269367.0
1712,251815.95
1713,271515.44
1714,232388.89
1715,220250.4
1716,171136.52
1717,171578.58
1718,118409.195
1719,197404.02
1720,222617.61
1721,166252.14
1722,113984.32
1723,168690.34
1724,198513.7
1725,226502.81
1726,183013.62
1727,135062.69
1728,182884.19
1729,162592.42
1730,169165.12
1731,119120.766
1732,137613.17
1733,103183.11
1734,115450.0
1735,127025.94
1736,105879.75
1737,310575.0
1738,288086.44
1739,260812.78
1740,214919.66
1741,201050.66
1742,186302.5
1743,189176.8
1744,295274.53
1745,213087.03
1746,228028.89
1747,197446.34
1748,221257.89
1749,155874.38
1750,129090.69
1751,224424.7
1752,105001.766
1753,143219.66
1754,213930.38
1755,153344.5
1756,132292.94
1757,93961.61
1758,154379.0
1759,174256.69
1760,184223.75
1761,172794.84
1762,171850.83
1763,150587.81
1764,109115.14
1765,167955.86
1766,202501.19
1767,243333.84
1768,135694.47
1769,158215.4
1770,152459.06
1771,110495.93
1772,123919.07
1773,133049.72
1774,144768.52
1775,127933.71
1776,120599.89
1777,93470.7
1778,133006.53
1779,108858.57
1780,168434.16
1781,105440.31
1782,70529.16
1783,151219.39
1784,99703.766
1785,102964.06
1786,163341.81
1787,158529.58
1788,49717.992
1789,93782.266
1790,66712.31
1791,212126.72
1792,156771.88
1793,145409.81
1794,155140.03
1795,115637.875
1796,112062.484
1797,132739.2
1798,100441.78
1799,99243.89
1800,97499.15
1801,127656.05
1802,145249.3
1803,158092.3
1804,120778.98
1805,136602.16
1806,119410.766
1807,159590.03
1808,119954.22
1809,115016.35
1810,136997.3
1811,59652.402
1812,84392.875
1813,111456.09
1814,74818.45
1815,33979.035
1816,83350.99
1817,109651.59
1818,144646.44
1819,128521.625
1820,51248.55
1821,100193.46
1822,144714.7
1823,35149.133
1824,132907.14
1825,151824.8
1826,106494.92
1827,108023.016
1828,144523.69
1829,156501.66
1830,139474.72
1831,151286.12
1832,106707.06
1833,145872.22
1834,118483.31
1835,126061.47
1836,108638.305
1837,86994.56
1838,105280.45
1839,92063.016
1840,150907.8
1841,127882.05
1842,97169.08
1843,141673.47
1844,118815.81
1845,143902.12
1846,141798.06
1847,156882.03
1848,29951.81
1849,105534.43
1850,108918.3
1851,126258.57
1852,120041.21
1853,118695.27
1854,151170.84
1855,135954.9
1856,222565.75
1857,145266.67
1858,149576.12
1859,116817.836
1860,163023.66
1861,116261.36
1862,299104.3
1863,298443.78
1864,298450.03
1865,267509.5
1866,275404.03
1867,223976.25
1868,272829.0
1869,212648.19
1870,228388.31
1871,228756.23
1872,180203.6
1873,225323.19
1874,154218.28
1875,196477.23
1876,217082.89
1877,212199.14
1878,214664.1
1879,121680.88
1880,146444.34
1881,237631.19
1882,239102.4
1883,186082.33
1884,198698.5
1885,231321.06
1886,253150.03
1887,226753.06
1888,271021.0
1889,178224.14
1890,129110.91
1891,107983.414
1892,83270.16
1893,122161.49
1894,105932.21
1895,134407.81
1896,112775.875
1897,123844.586
1898,121200.68
1899,163880.19
1900,173362.75
1901,190933.19
1902,161947.12
1903,228847.97
1904,157331.16
1905,224988.62
1906,194232.7
1907,235892.5
1908,108739.64
1909,131595.6
1910,113595.84
1911,236230.81
1912,285617.88
1913,186661.06
1914,57195.4
1915,237181.95
1916,48994.438
1917,226797.25
1918,132280.52
1919,174021.81
1920,167817.7
1921,294966.72
1922,262008.64
1923,218052.31
1924,239177.78
1925,211892.9
1926,288396.12
1927,123786.19
1928,168519.97
1929,99583.61
1930,116126.14
1931,138396.62
1932,132085.66
1933,171411.61
1934,184312.12
1935,181206.73
1936,181147.69
1937,181798.36
1938,172338.66
1939,272354.03
1940,246357.9
1941,179876.25
1942,190157.64
1943,261337.73
1944,350836.75
1945,356783.44
1946,154009.31
1947,307550.9
1948,167099.34
1949,211590.22
1950,179092.44
1951,231293.03
1952,206627.69
1953,181331.72
1954,189726.03
1955,118198.94
1956,282007.56
1957,152285.66
1958,266590.62
1959,142511.14
1960,91271.234
1961,122589.41
1962,100691.86
1963,109454.984
1964,103076.44
1965,135320.64
1966,125424.11
1967,315573.28
1968,375136.3
1969,351986.7
1970,371855.62
1971,412847.5
1972,357209.94
1973,304774.2
1974,337052.94
1975,421620.44
1976,322255.0
1977,379585.78
1978,333308.4
1979,305261.53
1980,234380.81
1981,321359.7
1982,257781.72
1983,241603.84
1984,218144.28
1985,223487.78
1986,213710.75
1987,188584.7
1988,180659.3
1989,192800.75
1990,215815.48
1991,255945.0
1992,223666.58
1993,181124.28
1994,223346.97
1995,189222.97
1996,316275.34
1997,309225.34
1998,326520.7
1999,310767.72
2000,325370.2
2001,321023.94
2002,258090.97
2003,262617.06
2004,288198.34
2005,228469.12
2006,217684.53
2007,257683.28
2008,232930.2
2009,194501.25
2010,191981.36
2011,142761.0
2012,168720.61
2013,170056.45
2014,185738.5
2015,183695.84
2016,189435.03
2017,193865.52
2018,126396.84
2019,142154.48
2020,77445.56
2021,97082.66
2022,226368.97
2023,147001.6
2024,336820.34
2025,352454.84
2026,172641.66
2027,173654.0
2028,170524.05
2029,187775.77
2030,239534.72
2031,220644.36
2032,213185.08
2033,235565.94
2034,185190.88
2035,251352.97
2036,214819.61
2037,217315.9
2038,266802.97
2039,196548.48
2040,320834.75
2041,279997.56
2042,229633.0
2043,160154.2
2044,171898.47
2045,181578.47
2046,121213.016
2047,134473.61
2048,143972.5
2049,135783.81
2050,147936.45
2051,104021.12
2052,134933.03
2053,140041.83
2054,81412.32
2055,151192.81
2056,151473.81
2057,102224.16
2058,215484.56
2059,148654.12
2060,189855.11
2061,179807.8
2062,117054.97
2063,98537.766
2064,128683.414
2065,107098.28
2066,173880.4
2067,128606.59
2068,136248.9
2069,67482.76
2070,95194.97
2071,93808.66
2072,157465.75
2073,140521.81
2074,186082.47
2075,147320.67
2076,118894.33
2077,139726.81
2078,108072.22
2079,130962.26
2080,105284.72
2081,108605.08
2082,112181.95
2083,129522.24
2084,92481.53
2085,102283.53
2086,139058.95
2087,122138.18
2088,109593.94
2089,63437.934
2090,119979.59
2091,87749.016
2092,142231.88
2093,116627.83
2094,118725.31
2095,125986.53
2096,70963.73
2097,91042.39
2098,138811.94
2099,42155.297
2100,79564.63
2101,117854.555
2102,127823.53
2103,93554.05
2104,124811.3
2105,120896.45
2106,49851.484
2107,205273.4
2108,113154.484
2109,100909.14
2110,138036.52
2111,146800.97
2112,141552.1
2113,124095.55
2114,130343.016
2115,153216.94
2116,126807.695
2117,162216.55
2118,129688.484
2119,103965.31
2120,138495.31
2121,103501.414
2122,120787.484
2123,100083.58
2124,178033.27
2125,136041.3
2126,175828.52
2127,155479.8
2128,122014.45
2129,95860.45
2130,131252.78
2131,168967.92
2132,128001.5
2133,128058.516
2134,136239.16
2135,110004.95
2136,44766.22
2137,110093.72
2138,128822.94
2139,141876.66
2140,140349.22
2141,141496.45
2142,121116.086
2143,131608.4
2144,91040.16
2145,140704.6
2146,160560.61
2147,155405.22
2148,148025.62
2149,126987.7
2150,216798.38
2151,109618.76
2152,156738.28
2153,191567.25
2154,82283.36
2155,143120.28
2156,263741.72
2157,234928.75
2158,212513.97
2159,196098.3
2160,186845.97
2161,233301.16
2162,337805.38
2163,288638.1
2164,222551.3
2165,196728.03
2166,161401.75
2167,221496.81
2168,203735.53
2169,192385.34
2170,216377.61
2171,164937.89
2172,149152.12
2173,195329.03
2174,226289.6
2175,268119.5
2176,259963.8
2177,226134.55
2178,216042.84
2179,137468.19
2180,226762.89
2181,185409.75
2182,214967.34
2183,184846.34
2184,126739.27
2185,117852.2
2186,156409.4
2187,143370.86
2188,151952.61
2189,266553.75
2190,56212.78
2191,57932.883
2192,43911.46
2193,97292.234
2194,96403.8
2195,94517.125
2196,70756.47
2197,109676.805
2198,156060.27
2199,209107.03
2200,174779.1
2201,171633.1
2202,209280.72
2203,166188.56
2204,185832.88
2205,135515.4
2206,178246.81
2207,211251.23
2208,264798.8
2209,217870.03
2210,107834.67
2211,123136.8
2212,113761.234
2213,89583.516
2214,138451.97
2215,101753.12
2216,149927.44
2217,54885.15
2218,77009.6
2219,82065.12
2220,65346.445
2221,238442.03
2222,237360.0
2223,252969.36
2224,209650.56
2225,131188.08
2226,197213.69
2227,196023.44
2228,243831.72
2229,235106.28
2230,154932.22
2231,195450.11
2232,194696.97
2233,194453.31
2234,234899.58
2235,203723.72
2236,248073.08
2237,292415.1
2238,207092.3
2239,110780.17
2240,145575.62
2241,154414.22
2242,125511.24
2243,131930.45
2244,110233.766
2245,102125.2
2246,134193.28
2247,126381.22
2248,119722.53
2249,115466.64
2250,126611.35
2251,106753.21
2252,188246.25
2253,160613.75
2254,181104.73
2255,210239.75
2256,172730.03
2257,214581.28
2258,162503.44
2259,185211.83
2260,176154.73
2261,254936.38
2262,251697.88
2263,377894.28
2264,437468.0
2265,152768.81
2266,305317.2
2267,382040.88
2268,383493.5
2269,152367.83
2270,186951.34
2271,200978.69
2272,220273.9
2273,157620.31
2274,188391.25
2275,170500.02
2276,171200.47
2277,188805.84
2278,159784.19
2279,111052.06
2280,94659.69
2281,142770.66
2282,157688.88
2283,113111.47
2284,97233.016
2285,127545.125
2286,117614.46
2287,333958.34
2288,299419.16
2289,338197.56
2290,370810.25
2291,333090.97
2292,381402.38
2293,381252.66
2294,351389.56
2295,402299.4
2296,302677.9
2297,332309.97
2298,322573.25
2299,357465.88
2300,348641.84
2301,318475.75
2302,299527.2
2303,291388.4
2304,279773.12
2305,235538.81
2306,238617.42
2307,249637.38
2308,251627.67
2309,286882.12
2310,237621.72
2311,259196.95
2312,185513.39
2313,177416.95
2314,174908.23
2315,181575.67
2316,201860.22
2317,190200.95
2318,166556.66
2319,177110.0
2320,172250.31
2321,223287.4
2322,191404.4
2323,170332.69
2324,190899.97
2325,195438.66
2326,173821.06
2327,202059.94
2328,214826.28
2329,198411.19
2330,192686.84
2331,352013.75
2332,362519.22
2333,336602.2
2334,296049.97
2335,312525.78
2336,335328.16
2337,209831.4
2338,274356.7
2339,243762.86
2340,324937.0
2341,241009.56
2342,243504.72
2343,251311.78
2344,237736.72
2345,239748.03
2346,211683.6
2347,209377.03
2348,234186.7
2349,204021.56
2350,278971.44
2351,238065.92
2352,252489.39
2353,275334.72
2354,128408.984
2355,127642.86
2356,162681.05
2357,188384.61
2358,186060.11
2359,121641.41
2360,122365.34
2361,148530.42
2362,291578.03
2363,138603.62
2364,180747.34
2365,218349.1
2366,192928.97
2367,207538.22
2368,209444.62
2369,196718.75
2370,195374.06
2371,166925.12
2372,203114.16
2373,283430.4
2374,302021.44
2375,227578.33
2376,298294.7
2377,305351.5
2378,140625.1
2379,224469.72
2380,130578.67
2381,179443.72
2382,205298.39
2383,185583.31
2384,225006.84
2385,161675.6
2386,134392.64
2387,132233.95
2388,106655.5
2389,127534.016
2390,140502.88
2391,139189.31
2392,99789.78
2393,168802.44
2394,125683.97
2395,215974.73
2396,145803.23
2397,208988.61
2398,132647.84
2399,67817.5
2400,68980.414
2401,127467.91
2402,137441.45
2403,140244.44
2404,141299.56
2405,162467.19
2406,135498.23
2407,117834.08
2408,151838.25
2409,114192.336
2410,189888.31
2411,110899.22
2412,146325.81
2413,114198.75
2414,130860.08
2415,126878.1
2416,117130.625
2417,120602.57
2418,130833.88
2419,117513.56
2420,129497.39
2421,152367.28
2422,113405.65
2423,122935.055
2424,163180.1
2425,248852.72
2426,155168.97
2427,115175.82
2428,201303.94
2429,107320.04
2430,127706.26
2431,110675.45
2432,132394.1
2433,145263.08
2434,128102.7
2435,148652.69
2436,92538.016
2437,92597.14
2438,110500.94
2439,110604.234
2440,118338.06
2441,109526.0
2442,97859.7
2443,127609.04
2444,140853.2
2445,78694.45
2446,126441.14
2447,182310.81
2448,138087.7
2449,105798.16
2450,157354.6
2451,127374.0
2452,197326.72
2453,77095.54
2454,115272.08
2455,158465.2
2456,138115.33
2457,136006.78
2458,129500.26
2459,93726.98
2460,160579.84
2461,126528.72
2462,135271.73
2463,128392.46
2464,174179.56
2465,146383.02
2466,120490.34
2467,153587.0
2468,88496.09
2469,75835.17
2470,206161.03
2471,216856.4
2472,171029.75
2473,104784.8
2474,102653.45
2475,219030.42
2476,90822.99
2477,93018.09
2478,149023.2
2479,112496.31
2480,145746.08
2481,138124.78
2482,106726.234
2483,104226.12
2484,139215.31
2485,125934.65
2486,145294.75
2487,241491.03
2488,161339.14
2489,150123.92
2490,162116.66
2491,90931.67
2492,206303.0
2493,152204.1
2494,152728.53
2495,80465.55
2496,241865.39
2497,136211.44
2498,109239.18
2499,79657.984
2500,108617.59
2501,126447.48
2502,147434.84
2503,97175.64
2504,204787.88
2505,218200.17
2506,240730.81
2507,246792.47
2508,240384.6
2509,217044.84
2510,217752.11
2511,182657.69
2512,201794.86
2513,236501.64
2514,231229.48
2515,153826.2
2516,189305.64
2517,151940.1
2518,158804.69
2519,217108.97
2520,227870.0
2521,194589.83
2522,232418.31
2523,127655.92
2524,144643.97
2525,151496.38
2526,141397.69
2527,127474.72
2528,131368.45
2529,148774.78
2530,139450.12
2531,251985.36
2532,229336.62
2533,207928.5
2534,229933.08
2535,272196.12
2536,246395.16
2537,222539.89
2538,185246.97
2539,193432.4
2540,180758.9
2541,195038.06
2542,166033.28
2543,120692.164
2544,110461.16
2545,145860.42
2546,129727.97
2547,147364.1
2548,161246.62
2549,165972.19
2550,526609.25
2551,109693.97
2552,123013.34
2553,54561.812
2554,85826.72
2555,117801.375
2556,85946.61
2557,112736.125
2558,211786.03
2559,139573.89
2560,185877.25
2561,165867.8
2562,154846.77
2563,158689.0
2564,217627.67
2565,174164.95
2566,169696.22
2567,131916.81
2568,225066.28
2569,216971.25
2570,108340.3
2571,194404.39
2572,140389.03
2573,250568.6
2574,250237.75
2575,127638.375
2576,127646.83
2577,157769.05
2578,79611.44
2579,49718.617
2580,102786.78
2581,152532.16
2582,116309.79
2583,253035.39
2584,165173.16
2585,186630.47
2586,205638.78
2587,201591.31
2588,128567.71
2589,145995.25
2590,203692.89
2591,256187.31
2592,199702.53
2593,226453.38
2594,184751.33
2595,194533.44
2596,285475.25
2597,190232.88
2598,267401.9
2599,269821.12
2600,195145.84
2601,124994.97
2602,81439.78
2603,93256.06
2604,83972.93
2605,83163.62
2606,141312.6
2607,215347.56
2608,212915.6
2609,182490.03
2610,86879.89
2611,130032.06
2612,166304.5
2613,129021.51
2614,115495.2
2615,159105.9
2616,170633.23
2617,184614.1
2618,209695.12
2619,209923.47
2620,202313.78
2621,184970.53
2622,195219.02
2623,225714.78
2624,268244.7
2625,297577.8
2626,192606.5
2627,233747.64
2628,418672.56
2629,418941.12
2630,362265.8
2631,415670.1
2632,396899.2
2633,315343.12
2634,397465.2
2635,145418.89
2636,190106.0
2637,159772.83
2638,273450.12
2639,190442.33
2640,156115.8
2641,111935.766
2642,157837.94
2643,109234.43
2644,125081.64
2645,102318.29
2646,94787.44
2647,110678.3
2648,156342.44
2649,143088.62
2650,135193.42
2651,137672.36
2652,361642.12
2653,289271.44
2654,283011.47
2655,372289.25
2656,336122.97
2657,334302.84
2658,305994.2
2659,315698.22
2660,338990.38
2661,341995.2
2662,348958.4
2663,327659.53
2664,282178.4
2665,338547.53
2666,294900.4
2667,182521.92
2668,180320.88
2669,170529.34
2670,253700.06
2671,182576.11
2672,186570.62
2673,197111.12
2674,200096.56
2675,158177.03
2676,191426.61
2677,203614.22
2678,240437.08
2679,313396.2
2680,314537.56
2681,380641.22
2682,339514.62
2683,450768.8
2684,340052.03
2685,350367.38
2686,261356.83
2687,284726.88
2688,224178.62
2689,205127.12
2690,341596.1
2691,209294.75
2692,127005.56
2693,186186.98
2694,129269.24
2695,199652.88
2696,188135.62
2697,190162.73
2698,217599.44
2699,157845.6
2700,134690.58
2701,156798.47
2702,126097.89
2703,137536.33
2704,152795.95
2705,103310.17
2706,108737.875
2707,132246.16
2708,114989.164
2709,97102.234
2710,119811.47
2711,344450.3
2712,383182.2
2713,177175.36
2714,164666.38
2715,180018.4
2716,155756.81
2717,221490.4
2718,231295.7
2719,126625.57
2720,197802.67
2721,135011.94
2722,189135.33
2723,164304.4
2724,108851.55
2725,132424.1
2726,131079.78
2727,161174.72
2728,177461.84
2729,140307.31
2730,135366.67
2731,122836.01
2732,111649.58
2733,171383.0
2734,148074.33
2735,131121.69
2736,139018.31
2737,106941.484
2738,126867.41
2739,151273.42
2740,131672.12
2741,129303.55
2742,163274.38
2743,152326.9
2744,172270.94
2745,150580.64
2746,132879.72
2747,145800.4
2748,103282.41
2749,134625.53
2750,121263.47
2751,133780.69
2752,201738.64
2753,167558.14
2754,244369.5
2755,121718.18
2756,88465.54
2757,76746.98
2758,84392.22
2759,157524.44
2760,133748.81
2761,142041.25
2762,143282.53
2763,224092.0
2764,165527.69
2765,262912.9
2766,117467.76
2767,63849.734
2768,100345.64
2769,121290.0
2770,151715.69
2771,106826.7
2772,79325.78
2773,159791.03
2774,134841.2
2775,124598.54
2776,146635.72
2777,152676.62
2778,111461.016
2779,106481.15
2780,97562.72
2781,85778.69
2782,86872.555
2783,96906.73
2784,88000.45
2785,128386.78
2786,57721.35
2787,106102.67
2788,61312.945
2789,185750.75
2790,90430.36
2791,108927.61
2792,47560.664
2793,170085.39
2794,97700.28
2795,124439.93
2796,91959.16
2797,189713.9
2798,134911.06
2799,123764.09
2800,60600.055
2801,106231.55
2802,131194.92
2803,158328.45
2804,128610.66
2805,93184.516
2806,83339.484
2807,167723.16
2808,160841.48
2809,105932.46
2810,130783.14
2811,182363.52
2812,169532.62
2813,155151.25
2814,159893.12
2815,95608.47
2816,223631.94
2817,166671.84
2818,119411.57
2819,182184.03
2820,131091.47
2821,114750.84
2822,192430.97
2823,280517.97
2824,180621.17
2825,184109.7
2826,129733.83
2827,123033.92
2828,239602.73
2829,222764.72
2830,215776.97
2831,190614.02
2832,232549.19
2833,248465.44
2834,209250.38
2835,215714.03
2836,207668.25
2837,186151.62
2838,147440.08
2839,191941.78
2840,204032.7
2841,201881.44
2842,229624.89
2843,152538.83
2844,185241.56
2845,124270.33
2846,209276.4
2847,219281.81
2848,214177.34
2849,203055.47
2850,272077.0
2851,219930.9
2852,245233.73
2853,241992.58
2854,140489.47
2855,212084.33
2856,197646.53
2857,192404.55
2858,205803.73
2859,138621.62
2860,117318.79
2861,133414.56
2862,201339.2
2863,122896.17
2864,226499.69
2865,109402.91
2866,146331.47
2867,78211.836
2868,123567.78
2869,110417.734
2870,144171.81
2871,89165.65
2872,33794.87
2873,94052.05
2874,140026.75
2875,102458.45
2876,181431.69
2877,119628.37
2878,166636.66
2879,144753.48
2880,97285.87
2881,157633.9
2882,178926.53
2883,207596.42
2884,219511.58
2885,180344.75
2886,264405.56
2887,108964.0
2888,133845.03
2889,51208.645
2890,72786.9
2891,146072.95
2892,44576.547
2893,65072.406
2894,53505.508
2895,270026.47
2896,246279.77
2897,189881.5
2898,152428.81
2899,191205.31
2900,161565.12
2901,209614.84
2902,196422.56
2903,276953.84
2904,291450.56
2905,68816.22
2906,209746.39
2907,113704.61
2908,129079.234
2909,152476.62
2910,63017.188
2911,82790.8
2912,160819.14
2913,82713.14
2914,71733.84
2915,76197.914
2916,90633.18
2917,186071.06
2918,97323.59
2919,224217.12
